22 29
56 33 61 54 6 92 38 59 9 17 30 3 81 28 65 25 65 74 93 70 49 34 32 24 47 61 49 24 57 
49 78 27 96 97 19 61 35 26 29 2 99 45 47 74 53 87 41 59 93 61 27 20 13 62 32 44 17 73 
4 51 94 35 23 44 12 84 88 76 69 17 84 30 31 14 74 83 8 77 74 28 56 59 88 54 91 41 84 
17 41 86 68 48 26 11 26 23 93 27 27 42 60 27 98 14 89 61 93 10 63 81 13 16 28 64 72 47 
18 29 44 98 43 52 41 74 65 1 11 85 66 56 65 64 57 38 57 95 37 20 21 94 25 95 57 46 32 
76 75 31 22 64 87 52 60 91 91 82 52 76 22 58 43 69 34 2 3 81 95 24 84 29 46 63 99 31 
28 14 65 91 32 96 96 68 11 15 2 87 25 79 54 58 54 77 77 96 6 7 34 31 2 58 81 18 60 
39 16 53 97 62 69 73 12 88 54 76 30 30 63 56 84 30 4 15 60 82 67 99 17 55 18 86 20 96 
60 89 87 31 4 1 59 99 67 82 91 43 47 8 81 18 47 46 80 91 89 33 9 58 57 72 10 12 48 
21 10 75 61 73 26 74 51 39 59 80 56 46 77 58 80 96 83 70 33 73 97 41 29 77 55 29 68 77 
62 67 79 28 55 43 41 65 10 26 74 39 97 99 82 58 86 85 23 92 82 19 49 18 51 17 40 99 74 
22 99 37 57 35 28 15 57 19 96 31 75 35 84 93 92 88 32 8 65 63 75 28 36 72 31 23 97 14 
95 31 32 46 30 12 11 86 74 38 70 64 4 66 93 10 22 42 50 24 42 21 68 28 61 84 63 78 96 
70 60 17 33 54 7 76 81 90 12 48 57 37 3 45 19 62 76 79 86 40 29 23 89 22 85 70 99 24 
29 89 71 65 100 1 18 30 36 33 89 95 51 74 9 33 16 71 40 79 35 29 74 25 74 72 96 97 73 
70 76 28 86 36 28 22 17 31 43 73 7 76 65 15 90 76 63 96 57 25 80 77 51 41 78 83 17 36 
99 36 95 99 65 24 12 87 16 11 75 67 63 41 96 38 34 70 59 17 74 79 93 28 25 12 12 14 12 
52 78 86 43 90 85 87 72 89 65 19 30 10 45 88 26 48 63 63 95 12 23 90 95 51 46 79 46 77 
38 9 94 46 24 99 19 78 77 18 96 81 95 84 78 22 68 30 13 85 23 30 64 61 85 10 72 26 54 
83 52 58 21 9 96 35 17 94 63 86 8 37 65 10 32 6 77 86 21 59 27 91 78 96 97 34 23 82 
83 73 10 16 69 76 56 55 56 2 31 64 55 29 54 80 36 98 65 83 53 8 49 24 68 92 46 56 99 
13 7 69 96 41 29 65 96 20 9 79 4 43 99 9 88 91 27 2 92 87 97 54 53 55 35 4 33 95 

